edu,age,income,election
-0.7807089,0.7963231,0.6131339,-0.12941544
-0.45580637,0.5655914,0.21432297,-0.19292524
0.92877454,0.42335474,-0.4318292,0.41379604
-0.12311382,1.1125755,-0.045795865,0.28677642
0.38888672,0.711316,0.5760082,0.19353865
0.93624973,0.40576655,0.8771938,0.8624185
-1.0510623,0.98303217,0.11730837,-0.27535287
1.1083057,0.20001087,0.14201947,0.5259516
-0.10202533,1.2477161,0.39423123,0.3367735
1.3947127,-1.6858398,-0.4079935,0.7651268
1.2433856,-1.3663013,-0.33988115,0.289479
1.341476,-0.6193738,-0.14727212,0.8556621
0.01749514,-0.8156433,-0.06337692,-0.6239811
0.8418333,0.8733472,0.6516864,0.6826992
0.12893723,1.6232529,0.12760155,0.34893495
1.0543007,1.1929653,0.9583924,1.2515849
-0.48679277,2.0743015,0.8423747,0.45838803
-0.22901678,1.9043622,0.3255291,0.81782645
-0.059734963,1.4243146,0.14859647,0.9921406
-0.49852714,0.11741176,0.65854275,-0.62668365
0.021212343,1.2107502,0.46509522,0.6610789
0.38165507,1.0253123,0.3022358,0.72053486
-0.05573765,1.9956404,0.48243374,1.048894
-0.48199666,1.2580643,0.9494651,0.06787032
0.67682254,-0.26720452,-1.0391839,-0.018611109
-0.74909365,-0.6687314,-0.12808982,-1.1171955
-0.62931645,-0.14545277,0.55681145,-0.9280174
-0.46806845,0.041509125,0.30006933,-0.7753236
-0.078998856,0.60201377,0.35425597,-0.3321063
-2.2682543,0.7913239,1.7844754,-1.4185293
0.48320234,0.13855362,-0.38383406,0.40433714
-2.2824519,0.13453703,2.7069256,-1.6955401
-0.69176567,1.4833719,1.5150267,0.031385966
-0.6157262,-0.29908153,0.41684815,-1.0874676
-0.71360874,0.9359661,0.43986925,-0.09022854
-0.47150636,-0.24224107,1.2644162,-0.72667783
-0.5812423,0.11620313,0.9526831,-0.74964947
-0.0990902,0.22756954,0.5763516,-0.2483274
-0.10005139,0.04291172,0.45351735,-0.6537091
0.12958267,-0.2891109,-0.6146496,-0.16184598
-0.8267888,2.2817566,-0.122300364,0.4786571
-0.26032716,1.9000252,0.6330958,0.8637697
-0.7048291,1.4889041,1.007374,0.16786447
-0.2127145,1.8901229,0.2685746,0.7543167
-0.8695882,1.4891208,0.21808866,0.22461791
-0.18751372,2.228043,0.82838935,0.93808967
0.09487952,0.4758194,0.85840094,0.32190952
-0.218415,1.7572106,1.043097,0.7340476
-0.41793144,2.5240433,1.384538,0.71918356
0.5066819,2.0094695,0.49885535,1.18267
0.3656071,0.6104863,0.19032016,0.5664898
0.29243198,2.0117848,0.889688,1.0705144
-0.028026687,2.1617455,0.51738197,1.2515849
0.020407036,-0.5944555,0.13756627,-0.7037062
-0.097145885,0.058239095,0.76705885,-0.42939788
0.60884124,0.7848273,0.23472553,0.5273029
-0.27847177,1.0275662,0.8183771,0.025980877
0.06273934,2.1376765,0.8118609,0.9434948
-1.3567163,0.7856017,1.9571337,-0.9374763
-0.8547069,2.0221093,0.6065175,-0.15914343
-1.6486636,1.1304986,1.4377265,-1.0172013
-1.5661271,1.221074,1.3441229,-0.950989
-1.3961624,0.17320773,-0.124685146,-0.9996348
-1.5330184,0.21652019,0.47379813,-1.0969265
-0.76741606,-0.35013354,-1.0690173,-1.1361133
0.1430846,-0.28350538,0.08614035,-0.30102703
-0.9781852,-0.06533285,-0.4260814,-1.3212377
-0.11756015,-0.21281289,-0.90504307,-0.70776
0.85338944,0.048500363,-1.3709341,0.38812187
0.003252627,-0.58151597,0.08481106,-0.5712815
1.4070683,0.2418914,0.22721939,1.6975048
-0.9422473,-0.8898171,-0.17279205,-0.7104625
-1.1821955,0.37233698,-0.33109537,-0.66587055
-1.4429288,0.50415874,-0.16657047,-0.86721015
-0.02021498,-0.797695,-0.92311245,-0.9104508
-0.07896404,-0.46042934,-1.9460068,-0.99693227
-0.2669472,-0.10458795,-1.1173103,-0.76856726
-0.12608488,0.514344,-0.28975406,0.08813941
-0.330126,-0.08835521,0.84538794,-0.6050633
0.6436799,-0.9321674,-2.2596097,-0.46453097
1.3757956,0.40442386,-0.5944562,1.4069812
1.3809525,0.11760416,-0.2027642,1.0556504
-0.8152268,0.038627647,-1.0364866,-1.3847474
-1.2093672,-0.63644594,-2.383412,-1.6374353
-1.3188806,0.0027809988,0.4808056,-1.4482572
-1.0193695,0.10807451,-0.2724747,-1.3401555
-0.85610807,0.00900667,0.36788818,-1.1847591
-0.29541793,0.0846743,-0.9083446,-0.3766983
1.3966846,-0.047941666,-0.43382528,1.2448285
0.30562744,-1.0129642,-1.1326407,-0.85639995
-1.2150162,-0.26717225,-2.2379925,-1.5320361
0.35610005,-0.21855801,0.2420165,-0.040231466
1.2949593,-0.13301188,-0.2691454,0.9421435
-0.7531213,0.08332242,-0.98190314,-0.9118021
-0.8780865,0.09055356,0.33681378,-0.98882467
-0.19316679,0.35246894,0.9224215,-0.41183135
0.7401827,0.49581698,0.69786173,0.33271968
-0.35301983,0.13419037,-0.6358886,-0.51993316
-0.2807287,0.0069355126,-1.3747838,-0.43615425
1.2076205,-0.18940572,-0.58491284,0.5854076
1.6955472,-0.12834892,-0.22960897,0.84755445
0.28273505,-0.14053346,0.15801702,-0.6712756
1.5321957,-0.11733805,0.024294619,1.4731935
0.4526181,-0.39067405,-0.6825973,-0.37399572
1.3031832,0.25024667,-0.027262988,0.7421552
-0.6427025,2.3732588,0.48658645,1.123214
-1.9230528,1.340181,0.6523838,-0.648304
-2.0288875,1.3070993,0.25572467,-0.82532066
-1.7924397,1.6993513,1.0551503,-0.6131709
-1.2601167,0.5594248,0.7059258,-0.5429048
-0.8343741,0.41570276,0.36560145,-0.28481176
-1.8339587,1.4759486,0.83524865,-0.46588224
-1.4284768,2.1127467,0.6054519,0.100300856
-1.4712623,1.8657309,0.35161945,0.0638165
-1.4701461,1.9302105,1.0330844,-0.15373833
-1.0430506,2.083949,0.21938393,0.6110818
-0.86123616,1.0458114,0.20866972,0.33407098
-1.3773677,1.3606712,0.3395402,-0.30508083
-1.0294148,2.413366,0.85788536,0.40298584
-1.932017,1.2239553,1.3125948,-0.76721597
-2.245046,1.3632963,1.4876782,-1.3117787
-2.210772,0.7191574,0.9941431,-1.333399
-1.3309783,1.4392157,0.21116441,0.08408558
-0.8641936,-0.31924814,-1.915828,-0.8239694
-1.0746069,1.4060583,0.45024404,-0.17265615
-1.154448,0.114077374,0.24727191,-0.8901818
-1.1706715,-0.40175146,-0.39615008,-0.93612504
0.15792358,-1.590999,-0.88966274,-0.67532945
-0.39787138,-1.0828393,-1.6370524,-0.62668365
-0.08419456,0.9652568,0.045502033,0.29758662
-0.8365025,0.3651888,-0.19637544,-0.2726503
0.04504495,2.0757213,0.30348495,1.2840154
-0.15225154,1.2933028,0.24656387,0.56784105
0.6551818,1.8642865,0.82417536,0.9840329
-0.6142907,0.26498485,-0.25252053,0.107057214
-0.41332906,1.1449476,0.3244265,0.5664898
0.20645711,2.0013328,0.25315848,1.0961885
0.019635852,1.4225157,0.8935865,0.547572
-1.1135416,-0.31417158,-0.42113775,-1.0050399
-1.2749029,-0.28199834,0.04814144,-1.1577337
-1.1605366,0.5166074,0.05580792,-0.5212844
-1.2597296,-0.23456234,-0.7166429,-1.194218
-1.1379145,-0.1899839,-0.35686165,-1.0090938
-0.80231476,-0.5020453,0.048112363,-0.8145105
-0.42392984,1.3406743,0.68014383,0.6354047
-0.42569172,0.31743282,-0.48315066,-0.5618226
0.46128598,0.32957152,-0.832101,0.04895251
0.49702042,1.8332597,0.86398786,0.6327022
0.79721355,1.6386667,0.54634875,1.3718481
0.8094938,-0.72689563,-0.66626865,-0.23211214
0.5662501,1.3147361,0.0028618905,0.7029683
-0.054294027,-0.21278043,-1.0388036,-0.6510066
-0.37264377,1.33429,0.73833954,-0.31453976
-0.24948671,2.007531,1.0485193,-0.0078009306
0.13416709,1.6189481,0.7563534,0.08408558
0.26289,0.7610889,-0.5869467,0.14083903
-0.542219,-0.05216024,0.27084723,-0.96450174
0.38706836,0.52100044,-0.043891437,0.1273263
0.30411568,1.900044,0.9856609,0.41649857
0.5691729,0.30100507,0.11845736,-0.024016198
-0.1979669,0.6740559,-0.057742886,-0.11725399
-0.7239963,0.056748386,-0.023994066,-0.9712581
0.065800786,0.8156015,0.1047166,0.4205524
-0.8263335,0.22093868,-0.26698348,-0.8631563
-0.53682315,0.20990397,-0.1950624,-0.5726328
-0.68376064,0.03518476,-0.25656757,-0.76586473
0.4882612,0.11995536,-0.17748557,0.24758954
-0.58512366,-0.41987422,-2.0984445,-1.1117904
-0.03752915,0.06272235,-0.46371308,-0.44696444
-1.3801994,-0.22242159,0.94924825,-1.8198571
-0.9387983,0.08496347,-0.1573502,-1.0334166
-0.115885615,0.1697754,-0.47742683,-0.62668365
-0.52833736,0.17574441,-0.5923321,-0.4969615
-0.25853276,-0.24229108,-1.088568,-0.7753236
-0.85664624,-0.3889278,-1.4033774,-1.0834137
-0.27133763,-0.49202952,-0.55181855,-0.62533236
-1.2339243,-0.38333794,0.22690499,-1.6536506
-0.16708189,-1.0848364,-0.53140116,-1.0644959
0.83861184,-0.57681865,-0.19323441,0.48811603
0.55523074,-0.10872765,-0.20300615,0.10165213
0.2060633,-0.7686154,-0.06618341,-0.67532945
-0.3516462,-0.37253597,-1.9415039,-0.8293745
0.185406,1.039374,-0.45501566,0.3948782
-0.35570443,-0.43725276,-0.63082033,-0.78343123
-1.0165603,0.16445947,-0.18866196,-1.1185467
0.58591855,-0.8948587,-1.2761045,-0.32940376
-0.558671,0.19452238,-0.13165319,-0.5618226
-0.55376834,1.29595,1.2202042,-0.30102703
0.5358996,1.4109238,0.78368145,0.6313509
-0.078694746,-0.2709558,-0.3140912,-0.5645251
0.13858816,0.20052253,0.54691184,0.20705137
-0.32714018,-0.75176847,-0.05550333,-1.2293512
0.6357652,-0.050768554,0.46748278,-0.041582737
1.5440046,1.1069628,1.3997413,1.8677651
0.8945945,0.8901487,0.36911088,0.77863955
0.81190103,0.24394155,0.8401309,0.25569716
-0.047098704,0.81032145,0.71309674,-0.115902714
0.40230855,0.7111354,0.79751307,0.35839388
-0.08777272,0.72904915,0.7780277,-0.09157982
0.7424315,1.3214529,0.91688585,0.92998207
0.30385992,1.2138065,0.65646315,0.32461205
0.33202764,0.48403013,0.49839962,-0.14157689
0.32271075,-0.029802714,-0.026662042,-0.15914343
-0.14208494,1.0260413,0.6705515,0.071924135
-0.08623554,0.8499986,0.59067065,0.08138304
-1.0316664,-0.13858214,1.2934799,-1.333399
0.56232774,-0.3089892,-0.121929534,-0.09968745
0.9631801,0.10746514,0.46423027,0.3759604
-0.05806501,-0.0051991595,-0.19601335,-0.34561902
0.79338133,-1.0656338,-0.2529596,0.08273432
0.52782196,-0.80694485,0.29547772,-0.13482054
0.13938953,-0.19469188,0.7712568,-0.31318846
0.6792189,-0.8504528,0.80832,0.35298878
0.7178829,-0.74299556,-0.026190296,-0.0023958413
1.7463176,-1.4586132,-0.36861864,1.3853608
0.82523984,-1.3806896,-0.562699,-0.029421289
0.39390045,-1.0900123,0.23221447,-0.49425897
-0.04718968,-1.1449262,-0.30936345,-0.9523403
1.0206558,-1.7995869,-0.9234704,0.028683422
0.78956044,-1.6602211,-0.6113646,-0.27129903
0.99733835,-1.3737043,-2.6592355,-0.009152203
0.29408476,-1.0203724,-0.8115942,-0.5996582
0.045570914,-0.4361142,1.4294853,-0.35372666
0.88723665,-0.4207862,0.38209578,0.31515315
1.0309249,-0.917904,-0.1659474,0.32866588
0.7474789,-1.1641229,-1.4079745,0.14759539
1.4302893,-1.396847,-0.4366686,0.76918066
0.31113726,-1.0695128,-1.5716728,-0.5699302
0.51590604,-0.6089448,-1.7842295,-0.22535577
0.7295652,0.38093027,0.9234628,0.4502804
1.0639223,-1.42551,-2.1000395,0.51919526
1.6271598,0.60161203,0.88762975,2.5852907
0.84280765,-0.932053,1.1680211,0.25164336
1.1708771,-0.51513445,0.8782574,1.2705027
0.7614661,-0.5409716,0.81597286,0.48000836
-0.24197659,-0.71466595,-0.2712162,-1.0036886
0.3719853,-0.9590679,0.12037837,-0.39966992
0.21895295,-0.5172751,0.36644045,-0.17941251
-0.34245682,-0.48311102,-0.6932432,-0.77397233
-0.46948874,-0.92358524,0.52306575,-1.248269
-0.04403146,-0.94583756,-0.75670767,-0.68613964
-0.71139085,-0.7522004,-0.40514395,-1.149626
-0.33056712,-0.9936129,-0.44865465,-1.1158442
-0.8251132,-0.44579673,0.41742936,-1.4036652
-0.59153354,-0.9719014,0.14192952,-1.0969265
0.81373864,-1.664453,-1.6867188,0.15705429
0.60846114,-1.7297816,-0.84689903,-0.103741266
0.2941689,-1.2912327,-0.029165385,-0.31048593
1.2268441,-1.6512114,-1.1543082,0.8299879
1.0473042,-2.1333673,-0.5114613,-0.20103288
-1.2112004,0.27104518,1.609364,-1.0712522
0.5243735,-1.1066905,-0.6069977,-0.27535287
-1.6201677,0.59080374,2.0750089,-1.1334108
-1.2726384,0.43830827,1.5516845,-0.8685614
0.9734971,-0.13506943,0.12645905,0.7570192
-0.1334907,0.22438553,0.17834938,-0.29832447
0.60400057,-0.09881963,-0.38926533,0.22867173
0.23640488,-0.12841591,0.23281153,-0.018611109
-0.2579678,-0.2917877,-0.054329533,-0.6212786
-0.22291298,0.5017309,1.0015117,-0.026718743
0.4780641,-0.2966659,0.3255816,0.4448753
0.63408464,-0.6290122,-0.59519964,0.13813648
0.31294626,-0.87382215,-0.71458673,-0.47398987
0.8954638,-1.6094168,-0.4939389,-0.15779217
-0.051379025,-1.3909888,-0.35862234,-1.0469294
-0.7369808,0.5531983,1.5256793,-0.42129025
0.55853724,0.043378904,4.5565135e-5,0.47190073
-0.29833654,-1.323741,-0.29267856,-1.1766515
-0.8796263,0.7982342,0.79939085,-0.5307433
-1.1696185,1.2784382,0.09851159,-0.11860526
-0.7189664,0.35592583,0.9727008,-0.29021683
-0.46866795,0.6307274,-0.24102189,-0.032123834
0.74935,-1.0789745,-0.5315447,0.34758368
-0.2578416,-1.1918149,-0.8557095,-0.77397233
0.95092106,-1.3399686,-0.26036853,0.4056884
-1.5891289,0.5599671,0.7798297,-0.678032
1.2315727,0.55467796,-0.0100517385,1.336715
-0.6935839,0.21409144,0.12042983,-0.47669244
-0.47870058,1.4415559,0.2841472,0.52054656
-0.20157649,-0.061313964,0.44997454,-0.17941251
-0.8018576,-1.1022846,-1.14724,-1.2171897
-0.8950312,-0.40308046,-0.72408056,-0.9293687
-0.6854289,-0.862404,-1.00109,-1.0239577
-0.40916908,-1.1646369,-1.0275992,-0.6510066
-1.1672766,0.07414066,1.0535817,-1.0442268
-0.71723664,1.8886114,1.4996052,0.21786155
-1.3209223,1.4782604,0.4955946,0.20434882
-1.2707607,1.4587456,1.4786764,-0.50506914
-0.602384,1.6025878,1.0145857,0.2638048
-0.648911,1.9707819,0.25821322,0.6408098
-1.4980816,0.97554815,0.5413908,-0.5901993
-1.6669545,0.14648654,1.2743089,-1.2617817
-1.149802,0.2677251,0.5056795,-0.82532066
-1.2197422,0.5195595,0.82818127,-0.77802616
-0.74390376,-0.3561952,0.5960889,-0.96855557
-1.2710704,1.1558299,0.17401162,-0.03617765
-1.5524384,1.4667718,0.4873778,-0.40642628
-1.2337813,1.5140129,0.34345016,0.14489284
-1.18797,1.3613117,0.73037034,-0.092931084
-0.9038783,1.5291862,0.5343764,0.12462376
-1.3155081,0.99098897,0.41962388,-0.10238999
-1.2352437,2.0909412,0.53592956,0.2057001
-1.4279435,1.2094946,0.6797672,-0.28886557
-1.2831553,1.5904559,0.5160891,-0.14427944
-1.527973,0.94375974,1.0673454,-0.6510066
-1.1761967,1.2248635,0.6476873,-0.49155644
-0.7940992,0.6882614,1.2033986,-0.39426482
0.37650847,0.947659,0.16158964,0.8934977
-0.14835003,1.3206611,0.9501718,0.5813538
-0.21630296,1.4554629,0.36905548,0.5773
-1.4694738,-0.20687896,1.2608256,-1.4577161
-0.33922148,0.33209074,0.25571957,-0.1753587
-1.701343,-0.3925823,1.3151656,-1.7914804
-1.5290432,-0.0774893,1.5928397,-1.5077132
0.14492583,1.5971209,-0.057258695,0.9043079
-1.471893,0.44385377,0.67208505,-1.144221
-1.3850347,-0.41678366,0.84857357,-1.446906
-1.7355039,0.0327164,1.0104051,-1.3266428
0.048526477,-0.31321895,-0.26131624,-0.40102118
0.23092404,0.766576,-0.18462215,0.47054946
0.2769584,0.499964,0.801948,0.304343
-1.411979,-0.056987833,1.0819693,-1.3063736
-0.4079594,1.3695232,0.4895697,0.3421786
-0.30493462,1.0248395,0.8220464,0.4097422
-1.0276703,-0.032971717,1.1676778,-0.811808
-1.7397289,0.3270793,1.4215988,-1.392855
-1.278033,-0.3169464,1.5751257,-1.2198923
-0.6567999,-0.91121715,0.072533734,-1.1117904
-0.08298653,-1.0482501,-2.205202,-0.6023607
-1.0392714,-0.56669134,0.13438618,-1.0807111
-1.4220519,0.6911426,0.98279685,-0.678032
-0.9318193,2.017314,0.94686985,0.0016579756
-0.5315364,-1.1710675,-0.65818626,-1.1239519
-0.8712098,-0.60799694,-0.7443229,-1.0563883
-0.49986187,-0.73747224,-0.00377017,-0.7415418
0.039194837,-1.2689285,-1.3852336,-0.39426482
-0.29168218,-0.57542974,-1.0849584,-0.43074918
-0.33944997,-0.63178676,-0.20360225,-0.56722766
-0.12730353,-0.6974784,-0.16553481,-0.5915506
-0.42073855,-0.20577635,-0.021047054,-0.55912006
-0.50987846,-0.41635123,-0.4098685,-0.38210335
-0.6388808,0.6190968,0.8522841,0.030034695
-0.42560294,-1.0604969,-2.0859447,-0.8874792
-1.3621119,1.1007845,0.84506816,-0.55371493
-1.0078303,1.4074218,0.43605927,-0.092931084
-1.1938388,1.1989207,1.048454,-0.42669535
0.37159154,-0.95770895,-2.18009,-0.07671582
0.46091163,1.2013239,0.70998955,0.95971006
-0.00798456,0.2592501,-1.4058732,-0.13211799
-0.19513358,-0.2057072,-0.24881229,-0.5023666
0.021145653,0.22896412,0.21703246,0.23948191
-0.8923895,0.6774005,0.45340136,-0.23076086
-0.35797447,-0.5333823,-0.9955181,-0.73613673
-0.41809347,0.42228743,0.52317643,-0.26454267
-0.57814693,0.75328916,0.4824495,0.0070630647
-1.5825332,0.9126923,1.4535259,-1.0469294
-0.5107174,-0.8529851,-0.6440199,-1.4550136
-0.29403687,-0.90700716,-1.4363298,-1.2212435
-0.5601445,0.25723395,-0.46958217,-0.49155644
0.024512516,-0.5251208,-1.177412,-0.5901993
-0.3377886,-0.37075058,-1.047402,-0.64695275
0.7129099,1.0316708,1.1430087,0.7962061
-0.14376843,0.9765339,0.22173758,0.29488406
0.65944034,0.23975335,-0.011732861,0.8299879
-0.11565764,0.8202599,-0.15247104,0.047601234
-0.9140857,1.1565262,0.911364,-0.48344877
-0.5580116,0.08565336,0.8039557,-0.3469703
0.2847865,2.1121488,0.35541204,1.2853667
-0.07541081,1.4796302,0.39682207,0.67594284
0.17526543,2.0368118,0.47285935,0.93944097
-0.80468166,0.9792043,0.8927304,-0.49561024
-1.6151184,0.16452494,1.1208923,-1.1117904
-1.2356972,-0.15297607,0.8805423,-0.9374763
0.298559,1.2612338,0.38704866,0.6745916
-0.62110263,1.6112953,-0.042843223,0.45568547
-0.35974306,0.59653795,0.46158794,0.18137719
0.3136116,0.9385489,0.028119415,0.1611081
0.21425132,0.60737246,0.116215914,0.31650442
-0.4343558,0.034519255,0.056272488,-0.4875026
-0.045824785,0.90218145,0.19144991,0.3962295
-0.86441517,1.3472569,0.73226297,-0.16319725
-0.99567175,1.2024338,0.091355756,-0.0078009306
-1.0465899,0.66017777,0.28346798,-0.33480883
-0.3730964,1.3806169,0.8909036,-0.17670996
-0.37994906,0.654647,0.37731168,-0.075364545
-0.81055266,1.0108241,-0.035424132,0.0030092478
0.7100739,1.4716514,0.7165865,1.0110584
1.5277945,0.86102945,0.80466783,1.5312983
1.2351946,0.9002111,0.4237561,1.0124097
-0.5528598,0.9331088,-0.11131463,-0.31318846
1.9011973,0.33562058,-0.27737725,1.6326437
0.62392026,1.3579311,-0.53211147,0.7570192
1.4410924,0.5308215,0.46916452,1.5664313
1.7164888,0.8514952,0.012035892,1.738043
1.7448282,1.0797856,0.6648557,2.2731469
1.3751513,0.37503695,0.6806386,1.4637346
-0.0727275,1.2952952,0.84447217,0.023278333
1.1111615,0.86148876,0.53432536,1.2894205
0.5966578,0.53432065,0.4360268,0.77999085
0.012394254,1.1425925,0.077427484,0.4002833
1.5627433,0.004522398,0.09036143,1.6366975
1.7744217,0.1317421,-0.14066982,1.838037
1.853399,0.5873298,0.19792967,1.8137141
1.4657844,1.1179973,0.60678273,2.1866653
-0.07188715,1.1618196,-0.36152023,0.41244477
-1.1865748,0.13542305,1.0377339,-1.2617817
1.7615707,1.9356477,0.20777488,3.0987742
1.6372299,-0.48241374,0.25504535,1.5488648
-0.8968832,1.0473721,-0.07628289,-0.072662
0.4565896,0.68277013,0.26352608,0.66243017
1.2680955,0.6602912,0.77102685,1.361038
1.7177218,-0.58689857,0.08760458,1.4380604
-1.1311044,0.54376954,0.21618316,-0.9104508
-1.0194026,0.4649602,0.03413188,-0.9374763
0.9904174,0.762072,-0.2332946,0.95025116
1.3395784,-0.99694765,0.08721033,0.8245828
-0.85288036,-0.20181419,-0.15031853,-1.1361133
-0.9884778,0.36081588,0.7268062,-0.9901759
-0.10236333,-0.25169384,-1.6136041,-0.49831277
-0.61137676,0.20287392,0.4762865,-0.66451925
1.9967421,0.07067981,0.102841504,1.6502103
1.5469822,-0.82435787,-0.2517437,1.0961885
-0.24924985,-0.8467008,-0.029078646,-0.79829526
0.6013296,-1.1362363,-1.2965574,-0.06590564
-0.23847331,-0.98271585,2.0469913,-1.209082
2.107589,-0.7669785,0.41490623,2.1772065
1.1373335,-0.577142,-2.2286549,1.6421026
0.6436307,-0.5568618,0.7977731,0.14759539
0.79103905,0.13891046,1.4824747,0.5421669
1.8057059,-0.7137401,0.7106015,1.316446
0.616637,-0.9814931,0.5350316,-0.17670996
0.5598677,-1.1187168,0.3147859,-0.44155934
1.424399,-0.8684043,0.5538314,1.2015878
1.1474985,-1.4952499,1.1031051,0.68810433
1.6964211,-0.7552383,0.55426043,1.5569724
0.353001,-0.16170682,0.6173959,-0.13887435
1.6045836,-1.2615345,0.23549886,0.96511513
1.9916018,-1.2220069,-0.08523971,1.9123571
1.7251313,-1.5428995,-0.441429,1.2596925
2.085628,-1.2342956,0.005517917,2.235311
0.17241383,-0.9530879,1.4584532,-0.57803786
1.1723857,-0.709196,-0.3315655,0.7367501
0.9787407,-1.2951175,0.005581664,0.042196143
1.5196459,-1.3958923,0.16645457,1.505624
1.4166492,0.6165142,1.0162559,1.9001956
1.5089942,-1.2757621,0.48967838,1.4826524
0.8133406,-0.95130694,0.86727357,0.66243017
1.4482852,-0.36940914,0.16776899,2.2231498
0.7646009,-0.97394043,0.4878424,0.38677058
1.3588375,0.049621057,-0.67956215,0.8435006
0.67396027,-0.6535893,-0.6554136,0.031385966
1.422728,-0.81907666,0.23028712,0.5516258
0.7216186,-1.0182723,-0.5845006,-0.11049762
-0.4545201,-0.51586765,1.143166,-1.0009861
0.7610555,-1.16582,-0.41843367,-0.38345465
-0.56138813,-0.56312484,1.0879803,-1.1320595
1.5348451,-1.3928752,1.0048112,1.1718599
1.16653,-1.4553971,-0.31727335,0.3705553
1.2143483,-1.6475995,-0.7277355,0.03273724
1.4986312,-1.1152937,0.26211056,0.6354047
1.8193703,0.13309252,0.30435574,2.0947788
0.89847714,0.7533332,0.9241997,1.9137083
-0.4942785,-0.12978774,0.090602085,-1.2388101
2.0477505,-0.43002015,-0.7341227,2.0650508
1.6624084,0.31791064,1.2948723,2.1245067
1.5171813,1.5070244,-0.57557786,2.8825705
1.7987962,-0.0138429925,-0.5989346,3.385244
1.9060969,-0.09849216,-0.78138304,2.0839686
1.964954,-0.26049164,-0.14448583,2.2217984
-0.07141121,0.23599415,1.4913378,-0.34832156
0.8505363,-0.24874933,0.25369775,0.58000255
1.497091,-0.9603783,-1.8906965,0.6529712
2.1918766,-1.1228673,-1.9258698,3.0460746
2.261936,-0.8028982,-1.2791879,3.292006
2.1069212,0.1884512,0.25858918,3.544694
1.1227432,-0.51005393,-3.6256168,1.7907425
1.9161962,-1.3225925,-1.7132165,1.3542815
1.6494869,-0.23556226,-2.3580813,6.6296487
1.3820875,-0.9440849,-3.251354,1.0286249
-0.0038645603,0.3077388,0.54651904,0.03543978
1.1371125,0.06874372,-0.8056395,0.9840329
1.4530625,-0.58270246,-4.469541,2.1218042
0.09730865,-0.7281838,0.34241796,-0.57668656
1.7142048,-0.8932657,-2.2012742,1.6353462
1.0979942,0.53011775,0.16250458,0.97862786
1.4516908,0.34794384,1.0230181,1.7475019
2.0069265,-0.7026864,-1.8870536,2.5812368
-0.65522397,-0.3208954,1.2500023,-0.9469352
1.8231702,-0.83432907,-1.079,1.4448168
1.5324402,-0.42940375,-1.0054305,1.4840037
1.1899363,0.18901947,-0.4534728,1.0907835
-0.31406888,-0.38992584,0.43703285,-0.9293687
1.3436718,-0.26056993,-0.51700383,1.2840154
1.0064508,-0.5678231,0.6673596,0.8637697
-1.1140497,-0.009842696,0.54207045,-1.7536448
1.676802,-0.22993483,1.3196138,1.4961652
1.1296473,0.97058576,1.5405264,1.1583471
0.34787142,-0.29552603,0.66208076,-0.6131709
1.4526156,-1.8867664,-1.7745525,0.14489284
0.8623974,-0.9381305,-2.3629827,0.123272486
-0.5481517,-1.0182836,0.6399852,-1.1847591
1.1763064,-0.33151612,-0.5440413,0.88809264
0.8354979,-0.9889703,0.23663427,-0.028070016
0.7822766,-2.0828147,-0.25972465,-0.861805
1.5249498,-0.6726379,-0.44701838,1.0178148
1.9626489,0.26043746,0.5411243,2.8433838
0.38769802,0.21472825,0.6185459,0.09759831
2.1114757,0.86285865,0.12721848,3.1852555
1.064874,-0.7469728,0.4810833,0.2651561
1.590206,-1.206392,0.5373002,0.94889987
1.7441021,-0.07349139,0.68438846,1.8123629
0.23603433,-0.3747468,1.1841111,-0.4780437
0.19837351,-1.2433258,-1.2252336,-0.67668074
0.85044247,-2.1259186,-1.733891,0.54892325
-0.18067533,-1.6297727,-1.9851483,-0.39291355
1.2620714,-1.4090587,-3.1585937,1.5542699
-0.25726396,-1.476365,-1.5592138,-0.40642628
-0.06847164,-1.5705594,-0.30561706,-0.41048008
-0.8456856,-1.1273555,-0.62233734,-0.85639995
0.19284433,-1.2973028,0.028370613,0.23407681
0.06653157,-1.586673,-0.19588967,-0.33345756
0.48992515,-2.3251123,-3.0410178,-0.22535577
0.45389292,-2.2614834,-2.5102446,0.08678813
0.18427792,-1.5938301,-1.6176127,-0.20373541
0.76448596,-1.2526282,-1.2174416,0.5516258
-0.059865005,-1.152711,-1.541045,-0.4631797
0.9079785,-0.82079583,0.017659707,0.93538713
0.28662032,-1.3510257,0.2687041,-0.51858187
1.230687,-0.51808923,0.14319381,1.1542933
1.1893805,-1.4442477,-0.95848495,0.6124331
0.41354412,-0.8646053,0.5066888,-0.15914343
0.6025131,-1.6881005,-1.1952857,-0.009152203
0.7257905,-0.7504443,-0.6158209,0.621892
0.3858773,-0.62294847,1.2403886,0.17867465
0.75504345,-0.92154014,0.16099577,0.77053195
0.56732583,-0.7074822,0.48673072,0.215159
0.5473525,-0.6016746,0.6694262,0.02733215
0.07971884,-1.0283839,-0.16680814,-0.76316214
0.2623146,-0.4068415,1.0361823,-0.024016198
0.52204144,-1.0199757,0.8828319,0.0043605203
0.5505011,-1.8592334,-1.9601979,-0.43074918
0.94870037,-1.5746121,-0.7647845,0.10840849
0.71352965,-1.4313136,-0.89736396,-0.028070016
0.65811664,-1.5293967,-0.7250256,-0.14022562
0.16902453,-1.1141051,-0.6254264,-0.4820975
0.18879253,-1.0532997,-0.27459127,-0.5618226
-0.42658937,-1.3055534,0.0019418446,-0.15373833
-0.72613835,-0.28257018,1.0902476,-0.9861221
0.11729702,-0.8695106,0.7387122,-0.25913757
0.16888075,-1.0249256,0.07631228,-0.5415535
0.9261011,-0.9942608,0.22542554,0.835393
-1.6317831,-0.6556273,-0.166784,-0.7699185
1.9556508,-0.1527625,-0.2878427,1.9515439
0.8065302,-1.3787959,-1.3068984,-0.28616303
1.4486272,0.2772768,0.89048195,1.4434656
0.07001001,-0.6180412,-0.01966782,-0.63749385
2.0098555,-0.3884874,-0.6277293,1.7299353
1.5018843,-0.8647152,-0.3590216,0.7448577
1.664836,0.45566872,0.48349622,1.9785694
0.89373523,-0.6428251,0.08383118,0.13408266
1.5150987,0.3097282,0.37492344,1.6461564
-0.28074822,-0.94466424,0.24753492,-1.1685438
-0.29485774,-0.8686014,-0.33778462,-0.980717
-0.16627789,-0.99681395,-1.5669994,-0.9199098
-0.79463774,-0.8500103,-0.37280995,-0.7793774
-0.6331243,-0.75670207,-0.14709419,-1.3982601
-0.65495545,-0.55797535,-0.7183379,-1.1023315
-1.0987861,-0.8656775,-0.23773922,-1.6117612
-1.5538551,-0.18769825,1.7013402,-1.6563531
-0.749038,-0.61581516,-0.42766002,-1.2063795
-1.5957249,-0.41648072,-0.0077551687,-1.9157975
0.54532677,-2.0779095,-1.66314,-0.092931084
-1.180467,-0.77022856,-0.7222047,-1.3996115
-0.5258322,-1.5839947,0.88601696,-0.6983011
-1.1163983,-0.66060144,-0.080416106,-1.0590909
0.4808146,-2.042053,-1.8415334,-0.4631797
-0.49531505,-1.384229,-1.1085882,-0.86450756
-1.1036673,-0.93796146,0.19598822,-1.0036886
-0.8477461,-0.9749801,-0.67575735,-1.0158501
-0.5627532,-1.0711869,-1.4929794,-0.9401788
-0.8492397,-1.0312786,-1.4338431,-1.1523286
-0.15205489,-1.5988115,-2.3512719,-0.63749385
-0.7249932,-0.9756328,-2.272721,-1.0320654
-0.3304917,-1.2382518,-3.917744,-0.9307199
-0.59472346,-1.33459,-3.7989354,-1.1063854
-0.494396,-1.6304,-4.321368,-1.0401729
-0.4528981,-1.1569167,-3.2291784,-0.93612504
-0.54462063,-1.1309752,-2.6674318,-0.9374763
-0.1633465,-1.1746427,-1.2644149,-0.67532945
-0.5422378,-1.1254722,-2.8045166,-1.0388217
-1.0484403,-1.0863004,-1.6266142,-1.288807
-1.0941972,-0.9984866,-0.25942072,-1.3225889
-1.1390153,-0.7022744,0.47604975,-0.9036945
-1.6860572,0.18996817,1.1019902,-0.7807287
-1.8025569,0.2641366,0.6448582,-0.98747337
-0.08289066,-1.715229,-2.6379662,-0.722624
-0.94589305,0.20440546,-0.18237771,0.1759721
-1.6275165,-0.06601049,0.41847435,-0.86450756
-1.7521042,0.24942045,1.4458405,-0.8131592
-1.9983276,0.19327445,1.1016539,-1.0455781
-1.5211104,-0.15627216,0.4258482,-0.84694105
-1.897873,0.17176437,1.3457499,-0.9185585
-1.8794117,0.46571025,1.6820911,-0.8199156
-1.9108237,0.5213421,1.8754693,-1.0712522
-1.189038,0.30007932,0.88516295,-0.2821092
-1.7057055,0.9658025,0.5565818,-0.25238124
-1.6269577,1.0159924,1.4281105,-0.722624
-1.9530829,0.33040074,1.7670021,-1.0009861
